218
0 0 1.12994e-14 0
1 0 5.78933e-13 0
2 0 2.72856e-15 0
3 0 8.98044e-15 0
4 0 4.63174e-15 0
5 0 8.1562e-15 0
6 0 4.93992e-15 0
7 0 6.71039e-15 0
8 0 2.85294e-15 0
9 0 2.916e-17 0
10 0 4.95018e-15 0
11 0 5.69188e-15 0
12 0 2.87879e-15 0
13 0 5.69188e-15 0
14 0 8.54889e-15 0
15 0 6.804e-17 0
16 0 4.43393e-15 0
17 0 2.87879e-15 0
18 0 1.83354e-14 0
19 0 2.916e-17 0
20 0 5.832e-17 0
21 0 1.26228e-14 0
22 0 5.832e-17 0
23 0 1.83354e-14 0
24 0 7.75561e-15 0
25 0 6.71039e-15 0
26 0 5.832e-17 0
27 0 6.804e-17 0
30 0 4.76514e-15 0
31 0 1.23612e-14 0
32 0 1.2232e-14 0
33 0 8.54889e-15 0
34 0 6.804e-17 0
35 0 3.79926e-15 0
36 0 6.804e-17 0
37 0 7.58136e-15 0
38 0 8.60294e-15 0
40 0 1.26228e-14 0
41 0 6.804e-17 0
42 0 6.804e-17 0
43 0 6.51962e-15 0
44 0 4.68076e-14 0
45 0 5.832e-17 0
46 0 2.916e-17 0
47 0 4.32042e-15 0
48 0 8.54889e-15 0
49 0 1.26895e-14 0
50 0 6.73902e-15 0
51 0 6.804e-17 0
52 0 2.916e-17 0
53 0 6.09528e-15 0
54 0 5.832e-17 0
55 0 6.804e-17 0
56 0 6.804e-17 0
57 0 2.5515e-17 0
58 0 2.916e-17 0
59 0 2.916e-17 0
60 0 5.69188e-15 0
61 0 2.72856e-15 0
62 0 1.39433e-13 0
63 0 6.73902e-15 0
64 0 4.95018e-15 0
65 0 2.72856e-15 0
66 0 5.832e-17 0
67 0 4.44927e-15 0
68 0 1.26228e-14 0
69 0 3.34248e-15 0
71 0 4.76514e-15 0
72 0 4.44927e-15 0
73 0 2.916e-17 0
74 0 7.58136e-15 0
75 0 2.22575e-13 0
76 0 2.5515e-17 0
77 0 8.62953e-14 0
78 0 1.25412e-14 0
79 0 2.5515e-17 0
80 0 2.85294e-15 0
82 0 1.66987e-13 0
83 0 4.43393e-15 0
84 0 7.51728e-15 0
85 0 7.75562e-15 0
86 0 5.69188e-15 0
87 0 2.85294e-15 0
88 0 2.5515e-17 0
89 0 1.26228e-14 0
90 0 1.14701e-14 0
91 0 6.94417e-15 0
92 0 2.916e-17 0
93 0 2.87879e-15 0
94 0 4.68076e-14 0
95 0 4.43393e-15 0
96 0 1.83354e-14 0
97 0 6.804e-17 0
98 0 1.95012e-15 0
99 0 1.14498e-14 0
101 0 3.93936e-15 0
102 0 1.90576e-13 0
103 0 8.40136e-14 0
104 0 5.97636e-15 0
105 0 6.804e-17 0
106 0 4.76514e-15 0
107 0 7.58136e-15 0
108 0 6.73902e-15 0
109 0 1.83354e-14 0
110 0 6.71039e-15 0
112 0 2.5515e-17 0
113 0 7.75561e-15 0
114 0 1.25412e-14 0
115 0 6.804e-17 0
116 0 1.25412e-14 0
117 0 7.58136e-15 0
118 0 5.832e-17 0
119 0 4.43393e-15 0
120 0 4.00953e-15 0
121 0 5.832e-17 0
122 0 4.43393e-15 0
123 0 1.2232e-14 0
124 0 4.95018e-15 0
125 0 4.95018e-15 0
126 0 3.32652e-15 0
127 0 1.51349e-13 0
128 0 6.73902e-15 0
129 0 2.916e-17 0
132 0 4.44927e-15 0
133 0 6.804e-17 0
134 0 5.7273e-15 0
135 0 4.76514e-15 0
136 0 1.25412e-14 0
137 0 2.916e-17 0
138 0 1.23612e-14 0
139 0 1.57356e-13 0
140 0 5.832e-17 0
141 0 2.916e-17 0
142 0 7.75562e-15 0
143 0 4.0704e-15 0
144 0 7.68984e-15 0
145 0 4.76514e-15 0
146 0 2.29689e-13 0
147 0 5.832e-17 0
148 0 2.65452e-15 0
149 0 4.52205e-15 0
150 0 8.54889e-15 0
151 0 1.83354e-14 0
152 0 5.832e-17 0
153 0 2.916e-17 0
154 0 7.58136e-15 0
155 0 6.71039e-15 0
156 0 6.804e-17 0
157 0 4.95018e-15 0
158 0 1.2232e-14 0
159 0 2.916e-17 0
160 0 7.58136e-15 0
161 0 2.916e-17 0
162 0 1.25412e-14 0
164 0 2.5515e-17 0
165 0 4.43393e-15 0
166 0 4.61624e-14 0
167 0 4.95018e-15 0
169 0 2.87879e-15 0
170 0 1.83354e-14 0
171 0 3.74973e-15 0
172 0 3.70776e-15 0
173 0 8.44495e-13 0
175 0 1.25412e-14 0
176 0 4.52205e-15 0
178 0 5.69188e-15 0
179 0 2.916e-17 0
180 0 6.71039e-15 0
181 0 1.62916e-14 0
182 0 5.94702e-15 0
183 0 6.08104e-15 0
185 0 1.44834e-14 0
186 0 8.54889e-15 0
187 0 4.76514e-15 0
188 0 8.40136e-14 0
189 0 6.804e-17 0
191 0 7.75562e-15 0
192 0 4.52205e-15 0
193 0 5.832e-17 0
194 0 7.75561e-15 0
195 0 5.832e-17 0
196 0 5.832e-17 0
197 0 1.26228e-14 0
199 0 5.69188e-15 0
200 0 1.23612e-14 0
201 0 2.916e-17 0
202 0 2.87879e-15 0
203 0 1.03837e-14 0
204 0 5.832e-17 0
205 0 8.54889e-15 0
206 0 2.87879e-15 0
207 0 5.832e-17 0
208 0 5.7297e-15 0
209 0 1.95012e-15 0
210 0 1.26228e-14 0
211 0 4.1769e-15 0
212 0 6.73902e-15 0
213 0 6.73902e-15 0
215 0 3.8928e-15 0
216 0 6.804e-17 0
218 0 6.71039e-15 0
